1

Size of int 4
Size of char 1
Size of double 8
Size of unsigned int 4
Size of long int 4
Size of short 2
writing done...0x08060000 | 22 22 22 22 22 22 22 22 22 22 22 22 22 22 22 22 | """"""""""""""""
0x08060010 | 22 22 22 22 22 22 22 22 22 22 22 22 22 22 22 22 | """"""""""""""""
0x08060020 | 22 22 22 22 22 22 22 22 22 22 22 22 22 22 22 22 | """"""""""""""""
0x08060030 | 22 22 22 22 22 22 22 22 22 22 22 22 22 22 22 22 | """"""""""""""""
0x08060040 | 22 22 22 22 22 22 22 22 22 22 22 22 22 22 22 22 | """"""""""""""""
0x08060050 | 22 22 22 22 22 22 22 22 22 22 22 22 22 22 22 22 | """"""""""""""""
0x08060060 | 22 22 22 22 22 22 22 22 22 22 22 22 22 22 22 22 | """"""""""""""""
0x08060070 | 22 22 22 22 22 22 22 22 22 22 22 22 22 22 22 22 | """"""""""""""""
0x08060080 | 22 22 22 22 22 22 22 22 22 22 22 22 22 22 22 22 | """"""""""""""""
0x08060090 | 22 22 22 22 22 22 22 22 22 22 22 22 22 22 22 22 | """"""""""""""""
0x080600a0 | 22 22 22 22 22 22 22 22 22 22 22 22 22 22 22 22 | """"""""""""""""
0x080600b0 | 22 22 22 22 22 22 22 22 22 22 22 22 22 22 22 22 | """"""""""""""""
0x080600c0 | 22 22 22 22 22 22 22 22 22 22 22 22 22 22 22 22 | """"""""""""""""
0x080600d0 | 22 22 22 22 22 22 22 22 22 22 22 22 22 22 22 22 | """"""""""""""""
0x080600e0 | 22 22 22 22 22 22 22 22 22 22 22 22 22 22 22 22 | """"""""""""""""
0x080600f0 | 22 22 22 22 22 22 22 22 22 22 22 22 22 22 22 22 | """"""""""""""""
0x08060100 | 22 22 22 22 22 22 22 22 22 22 22 22 22 22 22 22 | """"""""""""""""
0x08060110 | 22 22 22 22 22 22 22 22 22 22 22 22 22 22 22 22 | """"""""""""""""
0x08060120 | 22 22 22 22 22 22 22 22 22 22 22 22 22 22 22 22 | """"""""""""""""
0x08060130 | 22 22 22 22 22 22 22 22 22 22 22 22 22 22 22 22 | """"""""""""""""
0x08060140 | 22 22 22 22 22 22 22 22 22 22 22 22 22 22 22 22 | """"""""""""""""
0x08060150 | 22 22 22 22 22 22 22 22 22 22 22 22 22 22 22 22 | """"""""""""""""
0x08060160 | 22 22 22 22 22 22 22 22 22 22 22 22 22 22 22 22 | """"""""""""""""
0x08060170 | 22 22 22 22 22 22 22 22 22 22 22 22 22 22 22 22 | """"""""""""""""
0x08060180 | 22 22 22 22 22 22 22 22 22 22 22 22 22 22 22 22 | """"""""""""""""
0x08060190 | 22 22 22 22 22 22 22 22 22 22 22 22 22 22 22 22 | """"""""""""""""
0x080601a0 | 22 22 22 22 22 22 22 22 22 22 22 22 22 22 22 22 | """"""""""""""""
0x080601b0 | 22 22 22 22 22 22 22 22 22 22 22 22 22 22 22 22 | """"""""""""""""
0x080601c0 | 22 22 22 22 22 22 22 22 22 22 22 22 22 22 22 22 | """"""""""""""""
0x080601d0 | 22 22 22 22 22 22 22 22 22 22 22 22 22 22 22 22 | """"""""""""""""
0x080601e0 | 22 22 22 22 22 22 22 22 22 22 22 22 22 22 22 22 | """"""""""""""""
0x080601f0 | 22 22 22 22 22 22 22 22 22 22 22 22 22 22 22 22 | """"""""""""""""
0x08060200 | 22 22 22 22 22 22 22 22 22 22 22 22 22 22 22 22 | """"""""""""""""
0x08060210 | 22 22 22 22 22 22 22 22 22 22 22 22 22 22 22 22 | """"""""""""""""
0x08060220 | 22 22 22 22 22 22 22 22 22 22 22 22 22 22 22 22 | """"""""""""""""
0x08060230 | 22 22 22 22 22 22 22 22 22 22 22 22 22 22 22 22 | """"""""""""""""
0x08060240 | 22 22 22 22 22 22 22 22 22 22 22 22 22 22 22 22 | """"""""""""""""
0x08060250 | 22 22 22 22 22 22 22 22 22 22 22 22 22 22 22 22 | """"""""""""""""
0x08060260 | 22 22 22 22 22 22 22 22 22 22 22 22 22 22 22 22 | """"""""""""""""
0x08060270 | 22 22 22 22 22 22 22 22 22 22 22 22 22 22 22 22 | """"""""""""""""
0x08060280 | 22 22 22 22 22 22 22 22 22 22 22 22 22 22 22 22 | """"""""""""""""
0x08060290 | 22 22 22 22 22 22 22 22 22 22 22 22 22 22 22 22 | """"""""""""""""
0x080602a0 | 22 22 22 22 22 22 22 22 22 22 22 22 22 22 22 22 | """"""""""""""""
0x080602b0 | 22 22 22 22 22 22 22 22 22 22 22 22 22 22 22 22 | """"""""""""""""
0x080602c0 | 22 22 22 22 22 22 22 22 22 22 22 22 22 22 22 22 | """"""""""""""""
0x080602d0 | 22 22 22 22 22 22 22 22 22 22 22 22 22 22 22 22 | """"""""""""""""
0x080602e0 | 22 22 22 22 22 22 22 22 22 22 22 22 22 22 22 22 | """"""""""""""""
0x080602f0 | 22 22 22 22 22 22 22 22 22 22 22 22 22 22 22 22 | """"""""""""""""
0x08060300 | 22 22 22 22 22 22 22 22 22 22 22 22 22 22 22 22 | """"""""""""""""
0x08060310 | 22 22 22 22 22 22 22 22 22 22 22 22 22 22 22 22 | """"""""""""""""
0x08060320 | 22 22 22 22 22 22 22 22 22 22 22 22 22 22 22 22 | """"""""""""""""
0x08060330 | 22 22 22 22 22 22 22 22 22 22 22 22 22 22 22 22 | """"""""""""""""
0x08060340 | 22 22 22 22 22 22 22 22 22 22 22 22 22 22 22 22 | """"""""""""""""
0x08060350 | 22 22 22 22 22 22 22 22 22 22 22 22 22 22 22 22 | """"""""""""""""
0x08060360 | 22 22 22 22 22 22 22 22 22 22 22 22 22 22 22 22 | """"""""""""""""
0x08060370 | 22 22 22 22 22 22 22 22 22 22 22 22 22 22 22 22 | """"""""""""""""
0x08060380 | 22 22 22 22 22 22 22 22 22 22 22 22 22 22 22 22 | """"""""""""""""
0x08060390 | 22 22 22 22 22 22 22 22 22 22 22 22 22 22 22 22 | """"""""""""""""
0x080603a0 | 22 22 22 22 22 22 22 22 22 22 22 22 22 22 22 22 | """"""""""""""""
0x080603b0 | 22 22 22 22 22 22 22 22 22 22 22 22 22 22 22 22 | """"""""""""""""
0x080603c0 | 22 22 22 22 22 22 22 22 22 22 22 22 22 22 22 22 | """"""""""""""""
0x080603d0 | 22 22 22 22 22 22 22 22 22 22 22 22 22 22 22 22 | """"""""""""""""
0x080603e0 | 22 22 22 22 22 22 22 22                         | """"""""
